194 60 15 4
85 34 13 4
23 9 27 8 4 71 46 295 17 70 4
23 4
23 9 27 8 4
30 9 279 15 4 19 5 95 163 8 4
23 9 27 8 43
68 9 23 4 28 5 19 6 335 8 4
45 60 15 4
23 9 27 8 4
30 9 102 5 221 8 4
68 222 413 8 4
86 124 9 127
45 60 15 4
23 9 50 17 125 32 16 15 12 4
30 9 49 19 5 167 10 133 15 4
23 9 342 15 4
30 4 33 5 219 5 32 76 25 4 136 10 32 15 4
23 4 49 141 189 8 162 4
134 17 267 8 11 7
85 34 13 4 360 111 14 84 15 4
45 60 15 4 86 18 416 14 84 15 4 145 111 8 21 4
30 9 49 320 18 95 17 394 10 429 16 37 24 4
440 329 12 4
23 4 83 14 157 159 101 24 4
227 46 22 8 11 7
83 14 288 10 250 16 9 50 14 337 6 12 4
87 97 9 48 5 22 7
155 48 5 22 7 392 7
325 9 72 7 19 6 247 17 5 28 5 409 76 25 12 4
226 43 56 5 181 20 387 35 21 43
28 5 265 21 4
23 4 19 54 5 450 414 10 425 17 88 15 12 4
38 5 182 14 22 10 270 6 8 11 7
19 5 284 40 373 8 4
223 138 40 364 9 28 14 214 31 88 15 4
164 53 5 109 6 230 14 358 17 37 25 8 11 7
29 5 125 109 14 147 6 8 11 7
29 5 150 17 22 10 67 6 8 11 7
148 6 271 10 44 16 69 15 11 7
302 9 64 5 50 6 202 14 174 16 327 15 12 4
23 4 446 5 238 6 142 14 37 144 10 253 351 16 69 15 4 164 53 31 144 18 36 20 6 8 11 7
48 5 63 6 19 6 50 6 74 8 4
61 5 126 9 19 6 348 8 4 61 5 136 18 36 20 25 8 12 4
39 74 5 75 103 6 8 4 57 61 5 145 171 8 12 4
38 5 63 6 146 14 396 67 25 8 11 7
57 63 17 5 22 283 20 6 8 11 7
57 5 22 6 344 20 25 8 11 7
63 17 5 209 5 22 105 10 77 6 8 11 7 66 8 11 7
49 38 5 66 10 397 14 117 15 21 4 126 53 31 66 10 77 6 8 11 7
91 73 4 50 17 5 38 5 154 10 77 6 8 11 7 66 8 11 9 308 272 105 8 11 7
121 9 404 82 13 43 33 6 405 5 59 7
385 5 59 7
233 5 59 7
87 97 9 356 24 12 4
291 9 269 4 65 16 70 9 39 81 44 16 15 11 7
23 9 33 6 8 4 33 5 39 81 18 36 20 6 8 4
48 5 71 6 8 4
79 198 6 338 99 5 52 8 11 7 309 417 20 411 6 224 8 4
274 5 277 119 35 12 4 61 6 47 5 44 41 7
384 367 403 21 4 80 361 5 22 10 65 16 37 25 428 58 7
24 73 43 80 362 6 35 9 379 10 382 280 90 17 290 41 24 4
30 9 426 10 193 41 25 8 4
87 97 9 169 6 183 6 255 5 22 11 300 7
390 4 56 6 239 10 406 32 16 407 58 4
48 18 212 8 4 19 54 5 150 17 160 10 67 47 18 55 15 4 71 53 5 160 55 15 11 7
170 173 185 298 16 264 175 58 4 147 415 17 204 11 357 312 10 96 47 18 55 15 12 4
237 55 15 11 7
29 5 252 8 4 29 5 216 438 6 305 6 140 35 8 4
260 53 9 152 5 45 60 34 13 4
39 402 10 65 16 120 4 285 18 421 245 15 11 7
129 328 47 18 143 6 8 11 7
27 20 6 8 21 4
19 6 196 334 34 13 11 7
23 4 95 17 5 131 20 374 10 354 34 13 4 39 206 9 42 5 154 14 331 14 92 16 13 25 8 11 7
19 31 42 6 108 10 399 332 114 8 4
349 161 42 9 254 172 158 10 323 120 4
113 9 301 55 13 7 281 165 366 17 108 310 12 4
22 10 32 16 69 13 6 7
68 9 28 180 13 6 7 131 21 4
207 10 292 16 70 4
289 6 424 5 22 8 11 7
22 444 442 67 137 8 11 7
59 14 244 137 8 11 7
85 34 13 4 449 17 70 4
113 9 371 315 6 158 5 59 14 92 13 6 7
91 73 9 52 110 13 7
179 4 33 5 307 215 14 92 13 12 4 372 14 84 114 25 26 4
71 9 313 436 13 7
27 9 130 10 306 16 326 14 217 16 208 17 4
51 9 19 54 5 296 398 54 6 130 10 149 6 12 4
152 319 40 282 10 243 82 13 25 26 4 176 123 31 266 10 190 82 13 12 4
333 7 78 9 191 107 13 12 4
330 256 46 22 7
203 40 5 211 195 20 6 7
112 4 359 20 275 234 20 6 7
383 5 22 11 101 6 7
19 5 434 18 62 24 4
5 5 9 419 9 38 5 52 20 6 7
72 7
121 9 78 26 43
62 12 4 297 10 96 6 5 441 62 25 26 4 380 57 408 88 16 37 6 90 4 68 9 443 199 16 13 162 9 33 5 410 31 62 25 26 12 21 4
432 9 251 39 79 423 381 99 119 93 10 96 287 26 24 4
51 9 418 10 262 352 322 12 4 94 303 18 39 93 6 142 17 220 386 347 20 6 4
23 9 27 8 4
23 4 48 5 157 132 132 395 435 14 353 115 34 13 4
72 7 57 5 52 20 6 8 11 7
232 9 27 26 12 4 52 228 16 28 10 44 13 6 7
72 7 29 6 47 10 197 412 447 6 365 448 44 41 6 7
112 4 445 5 431 21 43
27 26 12 4 341 422 10 65 13 257 90 4 28 14 389 40 9 83 17 5 165 437 134 6 261 18 304 115 16 37 116 26 21 4
78 9 184 26 12 4 56 5 7
27 26 21 4 343 32 293 94 210 5 79 433 99 20 6 156 21 4
49 9 28 5 129 17 31 363 156 318 151 6 12 4
27 12 4 28 14 321 6 106 10 213 16 205 106 18 336 26 40 19 5 316 6 4
118 13 24 4 101 401 10 32 16 248 21 4
51 9 393 192 355 6 139 14 21 4 64 14 22 18 143 11 38 5 44 41 7
51 9 27 20 6 4 141 299 5 64 116 20 139 46 314 17 229 107 13 24 12 21 4
317 27 21 4
22 153 6 93 110 13 6 7
94 35 46 161 42 18 117 16 13 135 6 35 7
235 27 21 4
201 140 123 388 32 15
128 21 4 33 5 104 4 104 166 427 8 4
86 124 127 9 128 4
27 8 4 56 5 148 163 8 11 7
30 268 24 4 19 5 324 98 89 34 13 4
30 9 200 16 151 24 4 49 294 24 4
45 4
102 5 430 8 11 7
80 225 31 376 98 89 13 6 7
28 5 187 8 4
23 4 28 5 75 103 8 12 4
30 9 102 5 103 186 8 4
61 5 38 6 240 8 11 7
29 5 241 6 42 8 11 7
23 9 36 8 4 259 18 36 8 12 4
30 4 375 5 218 76 25 4 33 5 133 15 12 4
91 420 153 6 81 12 4 19 5 177 18 75 36 20 6 4
188 263 138 18 36 12 4 146 6 340 14 246 28 10 149 24 4
19 31 12 4 22 10 122 41 6 7
19 5 369 439 236 40 370 10 345 122 41 24 4
51 9 100 24 4
273 278 100 24 4 64 5 391 24 4
51 4 286 242 18 22 159 11 100 24 21 4
378 9 50 14 339 58 4
52 32 13 6 7
118 13 4 155 74 10 400 58 4
23 9 276 8 4 45 4
29 5 56 6 178 6 311 168 26 12 4 29 6 377 5 258 46 231 25 26 4
29 5 249 98 89 13 25 26 12 4
29 5 19 54 6 346 6 42 6 350 42 12 4
29 6 368 14 37 135 6 35 6 47 5 44 16 69 15 11 7
