466 9 400 98 18 4
36 5 422 7 4 395 5 289 40 231 40 105 40 205 40 290 7 4 108 58 79 355 359 420 80 23 304 24 346 19 4
25 5 206 99 58 7 10 8
137 9 82 378 20 22 4 99 9 25 5 82 331 17 6 8
25 5 115 76 74 12 6 7 10 8
298 433 7 10 8 4
31 17 21 7 10 9 150 391 311 6 404 7 10 8
108 69 9 41 5 25 6 354 7 11 4
27 9 75 4
41 5 287 17 117 7 19 43 41 5 127 7 10 8
77 5 418 170 7 10 8
130 24 5 439 7 11 4
73 245 9 120 4
119 399 7 19 4
25 5 286 132 14 364 93 6 7 10 8
188 35 222 6 7 10 8
39 8 261 6 166 14 142 63 93 6 8
25 5 224 13 55 7 10 8
82 62 67 16 18 10 8
203 4 291 103 23 392 14 237 9 28 23 393 14 457 241 250 4
27 4
27 75 4
69 5 72 247 14 156 16 26 18 10 8
39 7 10 8 29 345 412 14 156 16 60 21 7 10 8
101 14 85 16 18 10 8
157 9 334 249 145 26 33 12 19 4 436 9 293 116 14 442 16 4
41 11 4
50 33 12 4 116 14 434 54 51 43
41 5 66 6 113 20 11 4
220 9 88 11 4 28 5 66 6 327 79 66 297 80 20 11 4
66 5 161 8
47 4 34 113 79 330 80 5 459 42 11 4
263 59 9 66 24 274 20 11 19 8
39 8 28 5 234 19 4
36 5 266 350 23 435 14 202 18 11 4 25 5 161 7 10 8
39 8
157 9 84 279 21 7 19 4
27 4 32 5 282 15 265 24 26 18 4 100 384 15 5 84 6 175 180 13 452 18 4
71 9 65 32 5 254 15 5 369 15 94 18 4
443 63 9 339 451 9 28 23 257 23 305 14 37 16 26 18 4
343 23 186 118 67 16 18 4
160 8
50 46 21 4 472 32 5 216 6 48 62 83 46 21 4
34 191 5 44 7 10 8
53 5 57 409 7 19 4 29 171 17 21 7 10 8 53 5 253 7 10 8
39 7 10 8 8
27 9 230 37 18 4 401 13 88 6 7 4
72 5 248 414 89 7 19 4 28 23 9 349 35 88 21 7 11 4
56 24 5 323 7 232 9 110 24 5 235 7 19 4
36 70 5 123 102 14 83 18 4
27 4 53 6 130 5 183 411 7 4 53 5 72 115 24 90 14 37 16 26 18 4
244 9 123 102 7 11 4
61 6 328 15 38 22 11 4
465 6 366 15 38 169 42 4
25 6 402 15 214 64 22 11 4
321 4
211 9 28 5 193 7 19 4 25 6 7 10 8
36 5 100 215 6 317 58 13 55 7 11 4 28 5 44 6 61 17 6 7 10 8
129 15 35 119 61 67 16 18 10 8
137 9 172 118 67 64 22 4 36 57 55 17 6 4
71 9 197 42 22 4
114 5 416 295 233 468 6 299 95 17 144 149 14 49 16 26 18 4
136 151 5 101 14 200 16 60 6 131 8
150 390 49 54 51 4
148 5 356 20 11 4
398 4 103 35 259 64 4
27 9 52 18 4
77 5 44 7 10 8
71 9 464 42 7 4 32 5 44 7 10 8
178 4 258 52 33 12 4
333 9 430 46 21 11 4 31 20 9 34 419 15 5 84 6 56 144 149 13 38 21 7 11 4 94 54 51 43
27 9 52 18 4 36 70 5 34 226 13 154 24 9 373 6 68 13 308 16 26 18 4
454 23 324 6 134 7 19 4 112 6 134 5 341 48 13 52 46 21 4 262 17 6 7 4
143 15 127 13 38 227 9 57 397 33 12 43
97 9 448 388 20 22 11 4 143 62 142 16 33 12 19 4
34 112 5 159 15 35 140 16 42 22 4 65 25 70 23 56 6 329 14 470 22 4
47 4 57 351 22 4
104 198 379 54 51 19 9 99 58 4
133 125 16 43 9 9 9 276 22 9 94 54 51 4
389 14 322 16 26 12 6 11 4
47 4 122 9 292 242 176 24 182 12 6 11 4
50 33 12 4 27 9 75 4
382 7 4
460 462 7 4
187 15 38 463 6 153 7 4
47 98 18 4
181 163 447 15 140 12 22 4 440 15 264 111 6 4
361 12 22 4 65 109 12 22 4 121 6 252 14 209 51 23 37 12 21 20 429 9 52 177 12 22 4
377 31 19 4 28 62 35 268 111 22 4
97 9 47 98 18 4
284 14 365 6 7 10 8
50 33 12 4 65 239 13 50 46 21 4
335 6 396 15 5 353 13 38 59 67 16 12 8
28 5 139 86 17 6 11 4
306 6 128 6 86 59 48 4 139 86 5 208 23 332 22 4
78 68 6 273 13 312 17 362 14 93 21 20 11 4
31 4 65 283 17 251 20 11 4 277 78 96 106 17 21 20 4
38 11 4 374 13 78 96 23 9 213 13 78 96 4 278 5 148 14 184 17 431 24 432 6 135 4
394 9 45 5 228 13 81 11 4
45 5 9 9 9 92 13 81 10 17 4 49 207 35 42 17 4
370 9 92 20 11 444 43
212 9 30 5 92 13 81 59 162 12 11 19 43 8
47 9 204 4 36 5 270 13 154 17 6 9 403 25 6 61 5 57 469 12 22 4
39 8
34 117 35 104 240 68 424 360 91 12 6 7 10 8
281 146 91 12 201 17 6 7 10 8 34 61 15 146 91 12 158 13 319 16 26 18 10 8
31 17 6 7 19 4 100 89 15 5 9 56 6 352 5 294 24 423 194 12 6 7 4
338 26 136 151 9 30 5 90 415 15 357 37 16 60 21 20 11 19 8
30 6 243 6 246 13 30 6 48 14 152 16 138 12 6 135 4 32 13 110 15 26 12 425 15 9 32 5 45 15 90 14 152 16 138 16 302 20 11 4
417 461 158 438 10 17 4 72 24 5 32 5 326 56 6 79 348 6 80 153 15 229 11 4
413 15 456 9 167 9 9 9 168 5 121 453 371 6 147 17 6 8
269 5 428 49 12 8
97 9 467 10 6 147 5 367 426 37 12 22 4 133 106 368 218 19 4
380 192 59 340 271 358 52 42 165 4
28 5 31 20 19 4 455 6 89 6 128 15 9 316 37 16 210 48 13 363 17 21 20 11 19 8
307 267 8
30 5 275 15 310 13 38 6 8
114 6 336 6 29 387 10 5 309 63 9 83 63 9 238 5 272 14 303 63 301 376 11 4
30 6 162 64 48 5 315 11 4 45 70 6 410 13 199 15 375 16 60 21 20 4
45 5 122 407 95 17 141 14 49 12 11 4
190 58 6 385 62 6 141 20 11 4
31 31 4 53 5 313 24 280 383 23 450 14 458 16 256 12 195 95 386 20 11 4
73 4 36 5 189 87 7 4
87 11 4 105 40 318 40 314 40 381 11 4
120 164
73 9 449 7 4 25 5 300 7 11 19 8
446 76 74 12 6 7 10 8
109 12 11 4 30 5 8
39 8 27 75 4
41 5 325 7 4 260 76 74 12 6 7 4
71 9 77 5 225 7 4
41 5 29 7 10 8
160 8
77 5 29 7 10 8
126 13 87 7 4 53 5 173 13 445 7 4
27 31 7 4 126 13 406 69 7 4
30 5 372 13 55 7 10 8
39 8 132 5 223 18 10 8
30 5 347 15 29 14 85 16 60 6 8
471 296 13 55 17 6 8
217 13 320 12 11 4
174 344 23 427 14 29 437 10 85 64 11 4
29 10 107 13 155 131 8
29 288 6 107 13 155 6 8
29 10 129 15 5 8
34 236 14 49 16 4
125 16 4
421 145 337 4 219 15 255 37 405 4
73 9 408 69 4 185 5 342 441 221 7 10 8
124 179 5 44 7 10 8
32 5 159 76 74 12 6 7 10 8
124 285 6 68 5 44 7 10 8 45 5 32 14 196 46 21 4
50 33 12 4
